Animal_ID,Probability of Return to Owner,Probability of Transfer,Probability of Adoption,Probability of Euthanasia,Probability of Died,Probability of Rto-Adopt,Probability of Disposal,Probability of Missing,Probability of Stolen,Probability of Relocate
A495162,0.2727022934726369,0.3017350906783096,0.2461316662405802,0.06634961094061981,0.02742993768063244,0.07947742146852277,0.0042313601130809985,0.000670813258919941,0.0006565212714070753,0.0006152848752901981
A510858,0.16985190532844402,0.09704885614842039,0.5867791472251334,0.034331406630883486,0.005252352419972847,0.10500774043125712,0.0004955800441055483,0.0001703113420744938,0.00044264476894778117,0.0006200556607608799
A552059,0.017538728980100216,0.014376652931671594,0.9397529277839931,0.005124570396346513,0.0003181270429598107,0.022652260302918118,5.5132973516979026e-05,2.9635311245729165e-05,7.594522646435442e-05,7.60190507834431e-05
A557091,0.14445933724954055,0.42851317106866926,0.15748948029611118,0.1094390247178484,0.12353479725027532,0.028945373221285747,0.005687780335476898,0.0007174023327590475,0.0006487765308640301,0.0005648569971696413
A557091,0.3138454178234579,0.30182340258858736,0.1983839805831128,0.07817809097183791,0.02742509488134019,0.07692821834832755,0.0018092528859832127,0.00023518190310173825,0.0006811033070790796,0.0006902567071721545
A566659,0.46227534587713504,0.21383736987094143,0.30955951376184276,0.00442748384912125,0.006781947746003212,0.0013443145923777015,0.0001293958679040476,0.0006641128451241246,0.0005427332509393249,0.00043778233861115496
A567441,0.21823462513907557,0.1560336299525113,0.48453297989603106,0.031772315793064075,0.009220222278564416,0.09797716809353092,0.0005210674110865571,0.0006245094345329357,0.00046205259779212636,0.0006214294038109815
A577358,0.6832990135491847,0.07521809621803564,0.1067735030378102,0.06158510154284054,0.004966056954657171,0.06673040699326681,0.0008088451649996735,8.017880897173037e-05,0.000253381170633949,0.0002854165595996248
A601455,0.1636083217664086,0.21322020139816833,0.47425828164855915,0.026521242250227693,0.017659442346123183,0.10212761611946922,0.0011503662041664317,0.0002345838948181769,0.0005719833089714261,0.000647961063087639
A602583,0.4717932791790003,0.06383442884004895,0.36235199026855197,0.012649581888383792,0.00010980643562460876,0.0884254589594791,2.7820958770748122e-05,6.337421993160989e-05,0.00042876915425073053,0.00031549009595823656
A615851,0.004670666180917485,0.011459857784835995,0.9701333999069942,0.0015437031382678353,0.0004732120374955359,0.011269001526255496,2.8321854637247896e-05,0.00010970898118875045,0.0002370121447214638,7.511644468624478e-05
A622427,0.45933435014219803,0.25017396384216545,0.21177700916596232,0.006944905546583265,0.0034095087416220926,0.06155093072655693,0.00047797791111133225,0.0053174129107913404,0.0006070666129612902,0.00040687440004787026
A626141,0.742725824754661,0.12226195848175439,0.045700749786003504,0.03367034164028855,0.005206264980447598,0.046368038542993595,0.003415638950436372,0.0001161081967967517,0.0002706823175458313,0.0002643923490723953
A626710,0.3945837001019661,0.15945203406880581,0.34821224239972814,0.011326810422521134,0.002096030957511176,0.08158657234402127,0.0010393071066921145,0.000599895565519227,0.0006612818999417676,0.00044212513329315204
A633383,0.5409704527553458,0.049063449932468105,0.21172717776704175,0.017767697196389567,0.0010605292329112434,0.17881632314461468,3.4781094618028776e-05,2.8507068030866964e-05,0.00021658838081994102,0.0003144934277599363
A634193,0.6467598969340791,0.17879548069539164,0.013349715912785179,0.13337853286208834,0.008435310950864326,0.012180342429956631,0.0051104626203559884,0.001607503853202011,0.0002545263906799806,0.00012822735059685023
A635137,0.3071799477220723,0.10715852983062206,0.43971861464888873,0.004026812022429198,0.0014174330854937278,0.13910049213982756,0.0006242567530833296,5.356606589762715e-05,0.000359633110124053,0.0003607146215613684
A636500,0.4252167136535921,0.050962208018860713,0.2520897472562768,0.020769462149853223,0.0003499128341165734,0.24969266065323167,0.00023833766771489586,0.00015335110488736223,0.00026218166111488143,0.00026542500035187257
A640698,0.13548906449643616,0.13789439925499397,0.6050963834377253,0.009045383133881533,0.002583022888412193,0.10792337869350466,0.0010542478119970537,0.00015284363397715232,0.00036782288891914295,0.00039345376015279877
A648406,0.13361130982112143,0.1996050989767608,0.5555094345983566,0.020446005194687502,0.012778638999185415,0.07592432410613385,0.0005359743018430686,0.0003465728431106413,0.0005178663365792009,0.0007247748222214363
A652733,0.29629334289024445,0.16833966449062937,0.485560483013465,0.005748772165996421,0.006942279127535817,0.032117717275644345,0.00379791291967456,0.0002672376107593514,0.0005054665634170708,0.00042712394263340895
A655122,0.08731512655307679,0.17583330146917583,0.6631218322753422,0.010565169214370184,0.008094570527193274,0.05298152035381785,0.00092488090990762,0.0002897404446680802,0.00038050308784209837,0.0004933551646063015
A661876,0.36209186874678995,0.35522701984003074,0.21808900623415647,0.004707349372577677,0.005277116989269993,0.05012951749661056,0.0008149877179234825,0.002712843265039289,0.0005434501614966014,0.0004068401761051737
A662162,0.2896574812601953,0.132144569559063,0.5158184314336358,0.00621501665915349,0.0016475996570180338,0.05246928160049965,0.0010209761848063517,0.0001940710136390402,0.000424201227685611,0.00040837140430367776
A674292,0.38906038903697976,0.13419618693711474,0.31257648276524236,0.03212605963699016,0.0015699217815855911,0.1288692833309272,0.00023901009604898173,0.0006080893315657529,0.00039911881736949,0.000355458266176093
A678252,0.19062708251807883,0.06075241673581383,0.6330516667441626,0.0009904303760761633,0.0004528259759609307,0.11367949229905708,3.497990730847616e-05,6.813642915358433e-05,0.0001356542239238352,0.00020731479046451356
A679959,0.0665640889431679,0.14352496933333905,0.738891469018839,0.009975011395415534,0.002978621026045822,0.0350093991220587,0.0021741395607201668,0.00023837169039033108,0.0003402394109785648,0.00030369049904478164
A683831,0.5287410219725183,0.09230559877654647,0.265255763101083,0.012342183808416746,9.412197880074845e-05,0.09928184354618484,0.0012338738560373087,0.00018615169899101227,0.0002918124977823247,0.00026762876363916525
A684061,0.35912582645920893,0.259349304831181,0.29919880376782576,0.0031179505435224696,0.002433544021282822,0.0740992008714881,0.00030165508186849284,0.0013999237761874697,0.0005394837396010276,0.0004343069078338922
A691616,0.10185953045754595,0.12263781278174415,0.6845070970836353,0.002884299172149525,0.003938597034793956,0.08308845384492544,0.00036663481806436507,8.321661803561671e-05,0.00029313373062563356,0.00034122445847995815
A693948,0.2542841715751584,0.17709009899459552,0.4112746210727249,9.14774553604667e-05,4.7032313742252074e-05,0.1560847865108294,0.00043318759613761895,6.841845778937384e-05,0.0003983172670460088,0.0002278887566161047
A697575,0.7317412501361463,0.02542247187696516,0.1741011916145619,0.011202097347312149,3.1538955232402484e-05,0.05715157189632636,4.77762633076137e-05,2.030851975209169e-05,0.0001188100459746464,0.00016298334442149068
A700551,0.34912243037709,0.11082771221568719,0.41494565018832685,0.011412324310897889,0.00031785359715516776,0.11190969725877169,0.00042917556255660325,0.00045713910524099454,0.0002706847138531495,0.0003073326704205972
A706653,0.23024004557655747,0.3061990130242479,0.31051625770487595,0.04054994537943216,0.01715492741920017,0.08074180416695909,0.012550057092156987,0.0009220292127514776,0.0005781199474611676,0.0005478004763578688
A706829,0.053148135075953534,0.17396987465350175,0.7254614922943732,0.00797666403319979,0.008664574697462818,0.027539802278454106,0.0014987033535513983,0.0009810260298836232,0.00032761074032418335,0.0004321168432957481
A706846,0.2110746542280565,0.14139735006818938,0.6449341153216238,0.0003137366986258488,0.0006231035992658766,0.0010238314134716053,0.00019015217935739384,2.9576111712702144e-05,0.00016125229335357382,0.00025222808634326377
A708364,0.05951598916781571,0.19076896795938633,0.6901510172773265,0.008123062174403358,0.006838487450414874,0.042803315245955514,0.0006895234966875644,0.0002943892853821674,0.0003573438034997519,0.0004579041391280622
A710104,0.3791400652468783,0.15590409821582898,0.36883221979273306,0.02208135444307599,0.0005331423198162995,0.07102211246653366,0.0017269446477387823,0.0001323267311171601,0.00035827190325677814,0.00026946423302100914
A712788,0.04258123553807458,0.05185912762416809,0.8525892849016853,0.0019841737712374906,0.0011615938184925778,0.0490810420141851,0.00016428681784227717,7.095879774961397e-05,0.0001966808627320283,0.0003116158538328343
A712865,0.03790637119266874,0.09510031449751989,0.710644883723987,0.006892754958850351,0.00014173296019875096,0.14853890875816103,0.0001461538299062121,0.0001732157376315309,0.00018840764661225663,0.0002672566944643089
A714953,0.3014286657966536,0.5745667922435375,0.0963406204842181,0.01668618317705862,0.0004178999619643863,0.009482098459157227,0.00015547816269174264,0.00034013177661273666,0.0003249192039447831,0.0002572107341611841
A718810,0.43297383806748235,0.25739264355579905,0.25587929912121143,0.009575178117811724,0.004781055768085226,0.03771815425144325,0.000626729402325811,0.0002565563685093114,0.00046497500304827974,0.0003315703442836253
A721194,0.04944021318305185,0.056422265285812026,0.86831920958798,0.004951786049921882,0.00015044034578314423,0.019987958957611678,0.00033442523200363414,0.00010111894157400482,0.00014086383623713078,0.00015171858002444147
A724361,0.16074599334875075,0.1240275067341915,0.6184344135989218,0.010621771787960678,0.00353036180130499,0.08052152895301733,0.000461479682448526,0.00015462092442332086,0.0011432108394472337,0.00035911232953393413
A726020,0.5455263303380145,0.1236436959912775,0.22818660589958237,0.0065320046327554376,0.002006604671838446,0.09288979545725379,0.00039539185172094354,0.00010297849727465062,0.00037002055414621626,0.00034657210613616525
A728220,0.4390736760430955,0.12434285237290447,0.3508019159990102,0.007226989817179052,0.0009636669285383988,0.07620649251096454,0.000519316911863038,0.00012450646550508866,0.00043302335917685844,0.0003075595917629246
A731082,0.17857295495372735,0.16236821826036021,0.6077511721603163,0.0033152155561335514,0.0020125588026183093,0.04421258585306189,0.0008694273090731842,0.00016771905027944194,0.00038734104172101665,0.00034280701270862683
A731839,0.625062427923426,0.16493990858167767,0.13380352718035518,0.017284062409999506,0.0018150078573466982,0.05633681815283125,0.0001782242392913821,5.183424159820467e-05,0.00030139172434678527,0.00022679768912740408
A736605,0.051846054365340684,0.13343161465142162,0.768317124391538,0.004630745592937567,0.005074524919647771,0.03497427418452356,0.0007841866101946297,0.00024493800160319977,0.00032770758536420215,0.0003688296974286668
A738415,0.09396403922281951,0.0809682918656514,0.7592747730972919,0.004231039340812682,0.0015624310083470852,0.059031480742123686,0.00012270420749682155,9.517123432406135e-05,0.00047791588819194673,0.0002721533929409598
A738415,0.13578582885957302,0.06165897066258689,0.7126975810477905,0.0030352354712078226,0.0006257566528334765,0.08535342151039822,8.837267679114215e-05,5.9261314428646e-05,0.0004159252966730574,0.0002796465077171672
A739874,0.37427170886810496,0.20723954487256135,0.3747593337311631,0.008241711239258959,0.0012332628602142162,0.03149035331402463,0.0009813582445639933,0.0007793895052549461,0.0006391124044274009,0.00036422496042647393
A741801,0.043802599839548165,0.046734789055259705,0.8542829190035761,0.0018130649691975994,0.0004958630035451158,0.05230329238563678,0.0001903309279419058,1.7860856240524817e-05,0.00017271510069263052,0.00018656485836137412
A743275,0.03766671439490083,0.03726606438592412,0.8792030303495033,0.009055792274159575,0.0005350195928544899,0.03547338256987127,0.00022485386503840547,0.0002569580624078699,0.00019837669975327252,0.00011980780558691003
A745344,0.00020788393630390378,0.0009226795345578832,0.9967400455235786,0.0007058633987925343,1.918102265299998e-05,0.0013519835358022573,2.7723964367573247e-05,7.85944159863764e-06,1.048014619575651e-05,6.2994961498229585e-06
A746198,0.6664713779360397,0.16486731865016044,0.10917046880644572,0.029265461490229225,0.00509224226347606,0.01924416889000863,0.00467716904298122,0.000620840077232952,0.0003288653357038772,0.0002620875077221855
A752481,0.054835806736828745,0.06301345015055403,0.7855067979949626,0.010152387744145303,9.075417420440864e-05,0.08405030848951464,0.0018853752983171161,0.0001630214922400698,0.00014349494880619982,0.00015860297042685786
A753614,0.3542646176402911,0.34615739065762935,0.2655522981312464,0.007633994804292782,0.0019035915224216084,0.019683831626511387,0.002789431595168833,0.0007565941887336922,0.0008656198968704432,0.00039262993683451087
A760235,0.17998884082032662,0.05779875773022849,0.6433320469698166,0.002294688674215779,0.0002941161337901354,0.11565208891885903,7.723847294721132e-05,6.24600087006522e-05,0.0002522984817583157,0.00024746378935695286
A760241,0.22856500051481535,0.13248253990505213,0.5286299092579653,0.005221557633512321,0.0016742982234324248,0.1016647619204533,0.00016213446436985063,5.433713538267595e-05,0.0011912231208342846,0.00035423782418249095
A761966,0.18682051360203986,0.09797471418282865,0.6441247362319127,0.0065482672786411665,0.0021453836878698256,0.06044808311735282,0.0008451709121242279,0.000477729529227689,0.00032393712990125956,0.000291464328101885
A761967,0.2442847975754286,0.057585637626122135,0.5885395991916362,0.0038691627178061576,0.000496773487912523,0.10428243913824464,0.00028087705307045923,0.0001371792973696851,0.00026339235926627617,0.00026014155314333097
A762275,0.06653418735450294,0.23378802163616064,0.6033100954518964,0.034988959273101694,0.0327651384725048,0.024394895141298355,0.002599103878271174,0.0006266687646864173,0.00047954566753201437,0.0005133843600455483
A763786,0.1459665998074903,0.061378893853391375,0.6470109014277735,0.0005892023367124927,0.0003718742226790131,0.14418498791264,4.512897893290058e-05,2.753757957905301e-05,0.00020681381307573822,0.0002180600677256481
A764602,0.0006687430013340141,0.0011632772394904165,0.9912353671467302,0.000826028786621389,1.3671045945188663e-05,0.0060510108431083495,9.558916698807534e-06,8.423341411737428e-06,1.1123149388598739e-05,1.279652927117559e-05
A765182,0.05971008415465002,0.03385395462963264,0.8488587750737894,0.0031126821571426148,0.00038007694802730696,0.05338779453120813,0.00025435118517854767,6.119499755674679e-05,0.00018829252942956055,0.000192793793385065
A766322,0.022484497247912363,0.10424837738912,0.8414319398976574,0.002478609045393896,0.001953463082999205,0.026606691830017175,0.00021381864249025455,0.00015872956770430214,0.00019719429339851385,0.00022667900330687106
A766484,0.45647613720505503,0.09717710259112432,0.3511113360185154,0.007363021791293884,0.0006541201147862243,0.08627940960526513,0.00018080077787184585,0.00010084847347643156,0.00038186588393243794,0.0002753575386793828
A766568,0.26595982026828446,0.05215299223812159,0.5192241998858813,0.0034382640841832983,0.0003141730763237383,0.15821111924884573,0.00010596677424510727,4.113738926084954e-05,0.00026306580350160633,0.00028926123135229417
A769022,0.7422284189899624,0.08408035430475896,0.0603941147325285,0.023539366856438475,0.0019109043109027126,0.08672931124568488,0.00056639436020644,3.190105579637453e-05,0.00026058547178287993,0.0002586486719383878
A770186,0.27456968341679533,0.18603622547045273,0.48823717452861043,0.006898622717178116,0.004916178263077119,0.03439676070070642,0.003893660521165338,0.00024456172613434695,0.0004623985568229212,0.00034473409905726323
A770204,0.14865047030497203,0.235546487150313,0.5899374909950419,0.004303735405209708,0.001853746634848155,0.01736787809831029,0.0013750212556340581,0.00034466354077991444,0.0003433515193604468,0.0002771550955304925
A771382,0.5669252385511735,0.2287663238412212,0.19229245540425793,0.010735970518633084,5.3142712115177326e-05,9.583979867431588e-05,0.000689950380168506,4.5990278066639727e-05,0.00021292606580197834,0.0001821624498878547
A772791,0.4601758974830894,0.2756249866617554,0.1949401698716656,0.00969164442274348,0.0031382305677277412,0.05520075350014842,0.00039425463321295426,8.559343644674641e-05,0.0003748973316055029,0.0003735720916046243
A773692,0.3870417205856315,0.10741215814101385,0.3466940669102182,0.015537683434198785,0.00031081692222445837,0.1414601961021074,0.0006434872577021444,0.00020398360741542146,0.0004372905700825003,0.00025859646940576983
A774030,0.547679716370133,0.25124229087546895,0.14692508676200128,0.003480761849597254,0.005203666828131241,0.04364453566424559,0.0008740864698075757,0.00019312474249320982,0.00041656790418424084,0.0003401625339376841
A775480,0.7272722934263232,0.14791034929948738,0.044434811374161644,0.059608068823419194,0.0002611122736477942,0.0189597921539447,0.00014704564632922885,0.0003722074692632,0.0008250399648864514,0.00020927956853707372
A776269,0.20304975089038382,0.04642324359391495,0.684755671840254,0.0030892333968299294,0.0006332030202709244,0.06003151877592794,0.0010637256168238819,0.00045173903113352506,0.0002443775916313169,0.0002575362428296837
A776270,0.10004495458395934,0.03347169726682354,0.7697520365549154,0.004211000713781107,3.008419057697442e-05,0.09093974544581528,0.0001668057870139549,0.0005076975486298317,0.0006956663085528901,0.00018031159993156764
A780176,0.26455227935591674,0.12193485740624165,0.5128281244997432,0.006235994746333753,0.0010670314088827538,0.0918778365365402,0.00020883871186479504,0.0007243651422859057,0.0002573541057165149,0.0003133180864744172
A780867,0.2789907062980197,0.19296873349059876,0.4208953442877835,0.014088417142584176,0.0018426934954992558,0.08611000378814279,0.0035629796108321964,0.0007233471465457198,0.00044432497353385743,0.0003734497664600232
A783399,0.157326871365123,0.05487616616010269,0.6765039368529678,0.004779306185466746,0.0003052454330236064,0.10449734969904116,0.0010142592530956432,0.00021992978309648647,0.00025572130456646226,0.00022121396351638958
A783641,0.129831480060678,0.06493596657657941,0.761932348967921,1.5752281819088805e-05,6.041799667056145e-05,0.04289587533419729,4.728146396044858e-05,1.832481233861291e-05,0.0001220931732925087,0.0001404593325430981
A783641,0.17425072013555337,0.11877311953433008,0.6714408282626094,3.311761964458919e-05,0.00011751428843865505,0.034813268740538764,0.000204331838175083,4.424325016602445e-05,0.00015697240815369898,0.00016588392239035048
A784303,0.07128632484954513,0.0826650435658019,0.8151740557379508,0.0004164741727084246,0.0005474824134911652,0.02924580165606829,0.0002619407379785691,3.7478283466847925e-05,0.00017276288274102353,0.00019263570024772377
A784313,0.2635482864798346,0.11578487100359192,0.5563439235228872,0.00484231870630567,0.0019899586476245256,0.05609691836105908,0.0005396336607879146,0.00014588152256124018,0.00038946362406293636,0.0003187444712850166
A784474,0.032228319740691375,0.05703833428275176,0.8665538698175016,0.0014279480796492855,0.0008334240713890541,0.041279386067842934,8.443724034115397e-05,0.00012732918968858396,0.0001766026816381299,0.00025034882850598486
A785562,0.2615996108463299,0.05083185542335797,0.524726788169533,0.005274753560742217,0.0001158041619800792,0.1569003237494438,4.2656643986512906e-05,3.7518080088926954e-05,0.00021844842169003957,0.00025224094284756406
A785605,0.09931368340963077,0.07624059097296403,0.7224218756292932,0.006022000625766996,0.0001919475213850995,0.09502347440659172,0.00023812685719352852,0.00013702146104530176,0.00023543595612031065,0.0001758431600091859
A786379,0.31784512912287516,0.1009961838283855,0.25628379477174956,0.011877598727730032,0.00022581440340333864,0.3121702947491774,4.9576544134409766e-05,7.077936292643942e-05,0.00024047844269602445,0.0002403500469223165
A786766,0.40349661264614817,0.11086272933806468,0.33536129122755914,0.012823193021909964,0.00039051994155827604,0.13441196402243097,0.0005736143071299915,0.0015187569470846815,0.00032410152116883067,0.0002372170269453313
A789949,0.02174621676941971,0.03116071369167728,0.884129358528674,0.0016079430141902355,5.9018805779958595e-05,0.06090962600102547,0.0001773152113543509,3.825305097175996e-05,9.505474482299266e-05,7.650018208414064e-05
A790853,0.2959605858751101,0.06830088760732954,0.47417691086682084,0.009235682961471587,0.00017500559054768489,0.15067560103470304,0.0006508880089039212,0.00013949491662683725,0.000426977962594389,0.00025796517589197327
A792577,0.218079888439151,0.06207523460203586,0.5774695354251506,0.00706640733730021,0.0003414180382779891,0.13344602227847419,0.0007139867719776852,0.0002935405645813195,0.00027299472708650665,0.00024097181596475036
A794544,0.00038436862205018334,0.0020324919598302743,0.9956928424981819,0.00019962755391576457,2.8735850750413292e-05,0.0014970927539301945,1.2635542680418239e-05,0.00012910709044605987,1.4334966224472817e-05,8.763161990327758e-06
A794769,0.22202178101897052,0.7288014359546983,0.04369342447092124,0.003982995279359197,0.0004024803259830703,0.0002451063785073113,0.00043136712700146896,8.654864057289717e-05,0.000188308297946535,0.00014655250603952936
A794930,0.04926015434567566,0.20020322309220231,0.7161180220274118,0.004860208644078634,0.006475084422653229,0.020244971877550498,0.0015767801839557916,0.0005089325125479526,0.0003414326851516351,0.0004111902087724794
A795744,0.038976351207357735,0.10325229259725197,0.8232938166619236,0.0022440827423950696,0.0006932484112100535,0.030634196710796573,0.00036069291110047937,9.781306742078725e-05,0.00019414237453774656,0.00025336331600602207
A795744,0.04819298081387696,0.06109441016017026,0.8470428260619953,0.0019759032570314406,0.00046729334623866174,0.04031798394553105,0.00035944434541209237,6.139157658359105e-05,0.00021887007317472143,0.00026889641998580126
A795840,0.3726017723487519,0.19474871133116914,0.4075560333054251,0.007216366162626708,0.001639481163915087,0.01356107794842509,0.0009951883991311777,0.0003803277931573477,0.001034619926301005,0.0002664216210974903
A795919,0.08372668142625787,0.03551591451874124,0.8036276860187886,0.003954018560898886,2.85123487398631e-05,0.07179191017568141,0.0001421720665267428,0.000496406246323128,0.0005737320521317994,0.0001429665859102781
A796444,0.3218957609718741,0.28564232537062645,0.26751675826163185,0.044417669648389474,0.004234656248090918,0.07120408515626662,0.003152045619464619,0.0009311692564442643,0.0005836879917440563,0.0004218414754675609
A797136,0.6324237975745498,0.1661719494180463,0.12359026821497046,0.02424224224070756,0.005037004752138327,0.04712044373775053,0.000596528391228979,0.00016907392378762498,0.00029836016854839807,0.0003503315782720497
A798238,0.15326982311703508,0.06510374193280782,0.5883107939188736,0.006171496837214454,0.0005362800713583136,0.18481510643494867,0.0002383215947692576,6.867173950529781e-05,0.0012283335655101906,0.00025743078797723414
A800648,0.011334683631890942,0.015138184904866885,0.949629584138081,0.000719687674082962,5.03764634872523e-06,0.023010381894486003,3.565569746402798e-05,1.57459228172186e-05,5.682501484561319e-05,5.4213475116864346e-05
A805108,0.03311675912967403,0.05505843377118566,0.8608872238075369,0.0115322752670821,0.0009224622924318577,0.03523591435279491,0.0026320829652005245,0.00025764690318711434,0.00019779335670805983,0.00015940815419888255
A808267,0.4354621330246116,0.24956865669505465,0.2325577736190519,0.032256506618753955,0.00031248306028380514,0.04389715741850775,0.0021407735672282395,0.0018986468547344635,0.0015660344217275147,0.0003398347200460221
A808588,0.12956900922663944,0.14344035083558157,0.6705218745217549,0.002009005580328652,0.0020222498929046333,0.050852022351535735,0.000804977989419697,0.00011458538818287566,0.0003196978774985662,0.00034622633615400306
A808639,0.04014122123645823,0.16718310764594688,0.6940335261607556,0.009833542294269072,0.00021791091958132066,0.08757460328359278,0.0002950042854006042,0.000109653699921006,0.0002801986621827205,0.00033123181189169946
A810182,0.34747575255640334,0.10098544565939549,0.45819365465516626,0.013893994525233046,7.829316856517473e-06,0.07847895770303374,0.0004687445235190479,3.387139517823387e-05,0.000172610852786904,0.000289138812427498
A810996,0.2830533464547167,0.15725153845984738,0.4718845613509709,0.001410665411871899,0.0008993946324488427,0.08449864168727914,0.0002257771607092334,0.0001242003754773678,0.00037125898477787406,0.0002806154819007375
A810996,0.3028275129063756,0.22769970055574001,0.3974731939412584,0.002396296429672951,0.0020705791137650173,0.06567710877590112,0.0008618226572488268,0.0002235817613841721,0.00047031663562566937,0.00029988722302834377
A810996,0.3256046758588052,0.12611612233052621,0.4498654249458098,0.0013373736251865742,0.0006048548820496233,0.09536894463737594,0.00037689221327054135,9.562952532771251e-05,0.0003657522703727253,0.00026432971127542603
A811222,0.039344106653881314,0.08879688147997451,0.8031889619569741,0.0036616250324574585,0.002049618163116374,0.06059529802934282,0.0016654151822938015,0.0001577974408184173,0.0002573254889389554,0.0002829705722024781
A813344,0.1630144987751567,0.17737069550587817,0.6311225381128829,0.004617580198149514,0.0009109577803762988,0.021009056342507,0.0006864830672965013,0.0005433485435144721,0.0004985188527185185,0.00022632282151999926
A814707,0.2796827263471437,0.131500673625716,0.503909129914278,0.013508624930651407,0.00045635836219372534,0.06821354056119788,0.0013671733414002568,0.0007959047121361021,0.0003040293145667018,0.0002618388907162463
A816972,0.2142875194958377,0.07107585598374708,0.6117769445577952,0.003993626583274805,0.00021274836896889148,0.09759160894612065,0.0004536353602236796,4.427641861212628e-05,0.00028917317824255005,0.0002746111071772709
A817120,0.34494198887815913,0.15825669370360382,0.4255295332997356,0.011799442685480123,0.002120218276241291,0.055823842992535254,0.0006974207046543721,0.00020677228286012592,0.0003366016623440505,0.0002874855143862458
A817387,0.1665794742112547,0.03581140709258854,0.7320753298993956,0.0005196978441645021,1.3220779102711933e-05,0.06454317371776548,3.7119674098448754e-05,4.482777325569607e-05,0.0002204747541510056,0.0001552742542232967
A817415,0.06908592487919901,0.0841964587007432,0.8009195910080632,0.0013770195448570125,0.000569076872175114,0.04234013561019713,0.0005888373541418163,6.474052051778519e-05,0.0006812933342608174,0.00017692217584504034
A817690,0.7782041662821101,0.04121045513341054,0.13583342439772988,0.015170982161660303,0.025876528518994146,0.0009765560693919985,0.001191659200611379,0.00036974228860583357,0.0005421600008931685,0.0006243259465925781
A818223,0.13874243264693265,0.03708256768726862,0.6660737319810679,0.003969750180407079,0.0001775769267410607,0.15302099055550036,0.00046105346407849504,0.00012022704726209245,0.00013432225172625267,0.00021734725901538724
A818370,0.0003979660932414147,0.004559090006915306,0.9905508651228749,0.0015437815579570483,0.00041901497805661307,0.002421483550994979,3.263842540798671e-05,2.3550411000110024e-05,2.486944043305031e-05,2.674041311874558e-05
A818561,0.4033765575876279,0.052019430469377445,0.48585234106368613,0.006604815827361507,0.00021221836676576063,0.05118970486192997,5.0932360183161664e-05,2.7972641653405735e-05,0.00044186294929507745,0.00022416387211951464
A820051,0.23067476273097118,0.2398931761960181,0.48204838059777166,0.005560808837272535,0.007168472321984391,0.03225963776693039,0.000733952522482316,0.0003219200049236384,0.0009754846447642231,0.00036340437688156936
A820958,0.14808657685278476,0.04774945618697649,0.6981682778230851,0.0033237444099995933,0.00027024057839390334,0.10012986100883062,0.0017713115481203998,4.692201110928773e-05,0.00020734764218473926,0.0002462619385150916
A821093,0.03140214250991613,0.024268884524345204,0.8988766734826765,0.0006108524691894752,0.00012079170653243564,0.04408190785553931,3.111252473202225e-05,1.0539259768364614e-05,0.0004935308408213172,0.00010356482647926447
A821246,0.039227489305548,0.14949423244555804,0.7684849175485136,0.003750628138672787,0.0037979242962151516,0.03333787963736739,0.0010474485993530848,0.00014250774114376932,0.00032806477748565456,0.00038890751014250536
A821913,0.20717224691299715,0.078186697692164,0.651148441538109,0.002312786538901923,0.0005710626785631133,0.059167082886844136,0.0008338695559161339,6.931861140699059e-05,0.000288113633260542,0.00025037995183679353
A822310,0.16163849882398845,0.23551342614693702,0.5642973469821837,0.0027207555504495983,0.00217375352708905,0.030452964511789166,0.002355914378938906,0.00013672635249464726,0.00038249334461101905,0.00032812038151837
A822310,0.19181124380929737,0.11436393001130914,0.6440547733503104,0.001805527499874072,0.0003752728048219459,0.045953855442901925,0.0010402987331804983,3.9812613174974524e-05,0.0002936850019771097,0.00026160073315268625
A822374,0.03061609846591153,0.0561611900760164,0.86757779624641,0.0016960945080024348,0.0004914130268999685,0.0427489969418569,0.00021699046804463072,3.211027396522681e-05,0.0001900166623673882,0.0002692933305255533
A822374,0.038493128974618894,0.16458980598907416,0.7551122722677751,0.004457189281682942,0.0039346952638851795,0.03159647830345473,0.0009476693641657784,0.00014290352022618675,0.00033806700716187775,0.00038779002795518753
A822898,0.10485435799734301,0.04906791251547327,0.7544160511859216,0.0016026962508104846,0.00014066342044778037,0.08941302490503229,7.772718848575134e-05,2.9713353245941285e-05,0.00017689896867528946,0.00022095421456450195
A822898,0.10746532142886123,0.18216291619478536,0.6546196769002317,0.005623698578993048,0.0017243259106322895,0.04708216502276252,0.0004814401513451337,0.00021033573830243942,0.0003154888689303755,0.00031463120515584566
A823587,0.0026863378176937803,0.006905935156603108,0.9798876189325835,0.0029280731532797303,0.00015882216459898538,0.006945893933594177,0.000403631213418477,2.3807320092107718e-05,3.117037127672543e-05,2.8709936859600114e-05
A825625,0.05800867602261039,0.0353380217574534,0.8636259614260129,0.0016643796061649257,0.00031209003210939,0.03942567964571949,0.0011511452068493162,0.0001813223305338209,0.00013239959054787875,0.00016032438199822883
A826201,0.14161521864718832,0.09139725909557729,0.7183426652672901,0.00139410173416093,0.0006943226227021612,0.04554653023008528,0.00040684401133804764,6.289062607031368e-05,0.00024024794876027788,0.0002999198168272782
A826926,0.05454467114776973,0.2333062888702519,0.6737366587408711,0.005918773091532015,0.006120133309927093,0.024425456483652477,0.0008250288772168008,0.0003207407015139358,0.00035160902870371287,0.0004506397485612656
A826983,0.14893262756060907,0.05340996246047833,0.6986072186405893,0.0005203461912157594,6.94833536924744e-05,0.09717157947543252,6.992655592984535e-05,9.929624989771802e-05,0.0008645213269612768,0.000255038185193621
A827270,0.4271033612751396,0.3803710349845708,0.04818445763005635,0.10103703937861892,0.009629319581232403,0.015220603073035811,0.016687831913543647,0.0009259754316281542,0.0006026640306048667,0.0002377127015694231
A828751,0.049835358636222016,0.05209031525892373,0.8805870352847471,0.0006968690990763025,1.0562855457356306e-05,0.01614783090331302,1.2948919782121449e-05,0.0002411202733374349,0.0002746558863972214,0.00010330288274356217
A829029,0.027393859414631468,0.17495284578918788,0.7630305694743534,0.003968699496277489,0.005002892786088811,0.024187002187804188,0.0005268112395198991,0.000306663005991621,0.00029184742235768195,0.0003388091837874094
A829399,0.053777116818990514,0.12732377311111362,0.7984658814666667,0.002855429140003515,0.001796036103738458,0.014669148685159861,0.0003493325859478625,0.0003980131387764745,0.00019859996793786816,0.00016666898166513817
A830147,0.16225631862961828,0.12833463715266122,0.6571718299664707,0.002772607229544673,0.0010440067256226536,0.04755802516965838,0.00027713371351635683,8.604789663975762e-05,0.00024761878989815867,0.0002517747263698369
A830502,0.1289628189880188,0.15056772490579268,0.6837812170038511,0.004654107045100592,0.00019561828043330057,0.03039101968470916,0.0002699528275689851,0.0005007689899600602,0.0004385997877929326,0.00023817248677242145
A831134,0.5831703148554512,0.20455874599578078,0.12982587926587805,0.037108220665794715,0.0014102354307977208,0.03712269508538516,0.005861066177075274,0.00018776062974084403,0.00047721726830309843,0.00027786462579295056
A831243,0.19857899552135286,0.1391178418346217,0.5730283686418741,0.019711510050700785,0.0021490020451962093,0.06454722731564567,0.001163651943621952,0.0008803417518007806,0.0004058121187717874,0.0004172487764140623
A831245,0.19501130028767497,0.31930888311469113,0.4163188681341918,0.028981733986154827,0.006341618196093927,0.02908732691267978,0.0006785618191308628,0.0033253298483685505,0.00047451388384393356,0.0004718638171702278
A831305,0.2966873805231593,0.35238403559905057,0.3085559114383341,0.02155439218598138,0.0009612784717002882,0.016145973531642804,0.001665121473896512,0.0010891113119319,0.0006302264635100393,0.00032656900079312714
A831735,0.3345949771404104,0.22804020664232164,0.33821678164172014,0.01891888553617759,0.008247093465308329,0.06801728737868702,0.0028409299557549165,0.00023964232452866507,0.0004918549638223373,0.00039234095126894575
A832241,0.054729642775276345,0.23225185620670596,0.6733596334599165,0.005784249019179945,0.007787579218499482,0.023400500723921268,0.0014505134112086553,0.00044165795004637423,0.00037380432162148627,0.0004205629136239705
A832411,0.025893330588042433,0.02285752601322134,0.9287582788658177,0.0006254931379984342,0.00013228380405159876,0.021411626690944117,5.42920050831638e-05,6.842346432333231e-05,8.594694412431685e-05,0.00011279848639341242
A833469,0.022815137020064075,0.040445799964429666,0.9007888435649006,0.0009393411193895685,0.0002491303132886492,0.034194510849267876,0.00019350859602492294,3.247443955664501e-05,0.00013297526000688304,0.00020827887307119555
A834601,0.13671129931769577,0.12446233397510187,0.6850780533916436,0.0026599838589895387,0.0006800023496110196,0.04946153894844672,0.00028625531535860334,0.00010269389744607893,0.00031179728531551557,0.0002460416603911176
A834869,0.124251117051293,0.10308440846279161,0.7271782498336197,0.0010333515497119394,0.00105242720822813,0.042713159477225676,0.00015909555604411052,7.443297123005745e-05,0.00020397423384639046,0.0002497836560093924
A835264,0.1704896810726597,0.13862169997946278,0.6367411911368417,0.0030015709894108556,0.0012320442095683248,0.048692036071269505,0.0005205627832735604,0.0001090245862384567,0.00028257639963362186,0.00030961277164167435
A835494,0.05032655652560989,0.1139774280638161,0.8018041170641481,0.002849934154115475,0.0015010833170776546,0.028313909408311824,0.0004920798694699717,8.264795147997739e-05,0.0002785352381365534,0.0003737084078345
A836408,0.0337756747967125,0.03818891494832734,0.9083918722321896,0.00045438386919244793,4.743850369561061e-05,0.01859914456144316,8.978351160890334e-05,0.00012296562038383312,0.00019906542942616447,0.00013075652702018402
A837541,0.19909468173226874,0.025968924422986827,0.7078658735939551,0.0011477288634272513,0.0002230996037898479,0.06437868911587798,0.0008918112196889002,6.67195649610098e-05,0.0001918418514985101,0.00017063003154590801
A837542,0.09826528468711783,0.04996289328090283,0.7915963177082668,0.0006216493479191196,0.00032676195723401976,0.05879374759601295,0.0001253821135726084,2.1234159063063767e-05,0.00013501925146143208,0.00015170989844929639
A837542,0.10193521585608367,0.08853112973872325,0.7608706497929644,0.0011937240781599988,0.000891109049712661,0.04592327838048604,0.0002464057493871645,4.0717178319501814e-05,0.0001792119771130497,0.0001885581990502595
A838563,0.034137551533121716,0.07178346973003757,0.8694206044269641,0.0014492421349516845,0.0006420218386932775,0.021422032697967525,0.0005899980124423985,0.00013021393380954836,0.00018578402352339383,0.00023908166848857023
A838593,0.1036505771845179,0.015754644995061167,0.8185826271473313,0.0008785225761354344,0.00010739691105822216,0.06035655545185519,0.0002809520928580248,9.116557510885709e-05,0.00012210401192042016,0.00017545405415350808
A839084,0.1532223631880286,0.05602510737719877,0.70503920278617,0.0035448992263283226,3.933357187458355e-05,0.08014677900562336,0.00021141320956543616,0.0005882801528157697,0.0009886804411018356,0.00019394104129348853
A839906,0.10662783133941246,0.08226003052781246,0.7534896445241549,0.0009519218588304183,0.0003902372922614708,0.05514112816242168,0.0006318877793947039,3.658472090278154e-05,0.000238102543198893,0.00023263125161032965
A840262,0.03799031918027446,0.13637185888708112,0.7992426640176876,0.002493657658793604,0.002032941990865041,0.01968179935232627,0.0014222707692880295,0.0002146816676465389,0.0002773778507392725,0.00027242862529812097
A840285,0.29308787814923215,0.5074697760702322,0.13324714546595673,0.02351240251015624,0.022064637027104202,0.01096987855456185,0.006881543149738301,0.0008940167103301445,0.0015072264112471429,0.0003654959514410198
A840451,0.08711520187754894,0.04957599225448652,0.7871600919491489,0.005281893190276571,0.00024241033372211256,0.0698482072682773,0.00027805136357536147,0.00016922565907451,0.00016191575854406802,0.00016701034534570076
A840895,0.03898927843093549,0.025395038261868706,0.8916248315412345,0.00012455804910580691,9.071159856244948e-05,0.04345139833931992,0.00010696332519008546,1.8783447051279953e-05,8.695009132146402e-05,0.000111486915410226
A840907,0.043896185989678004,0.14840282601584365,0.7683794213676624,0.004802274475111144,0.0027325392297741532,0.030351651568941082,0.000488108025661753,0.0002672160407007305,0.0002989257083379206,0.00038085157828922063
A841862,0.19229862865230324,0.24360050692057586,0.4934255454851585,0.017911399496254147,0.0032755887317603813,0.043627193385307635,0.00223146064492784,0.0028248405782405005,0.00046611361454689914,0.0003387224909251208
A842151,0.12606400325349762,0.05428842524588653,0.7494511543583728,0.0023233555871695656,0.0001584207519672771,0.0660271192006293,0.0012082465230880601,8.415617933853716e-05,0.00019033687593122595,0.00020478202411899543
A842151,0.14770014711405965,0.05647909391621526,0.6894930530513498,0.0024436902986047374,0.0002174807369748806,0.10156168616312092,0.0015731022439366387,6.200422648482108e-05,0.00023784242035629412,0.0002318998288970041
A843100,0.11857614924549688,0.11130083204771342,0.6949305018153776,0.02208319938934284,0.0014057201479545666,0.0480616270052601,0.0025877661029368977,0.0005184167734732833,0.0003092859671177648,0.00022650150532664424
A843209,0.34612710156724524,0.46204291506941414,0.10079152650419593,0.055735233105755524,0.009172490437963117,0.01934287659022835,0.004490303179102674,0.0015471488914803946,0.00044228324672482207,0.00030812140788998314
A843470,0.0006462973184615316,0.0014115887489694766,0.9937275859106719,0.0005214552977911575,3.597516824005992e-05,0.003618156106656299,9.190920707968183e-06,4.839074997431485e-06,1.2546034821563005e-05,1.2365418682357577e-05
A843928,0.2482981303650487,0.07455042099128723,0.5692202730012547,0.0077939170471038426,0.00017044358155831205,0.09859202686174962,0.0005256048938045858,0.00029314845850678014,0.00029635323858186587,0.0002596815611044832
A844785,0.1382237825251436,0.05557151761864401,0.7679638973078469,0.0018849930651460983,0.00025940411820365105,0.035296414246429424,0.0004013704972428645,4.2750515129242094e-05,0.0001603483712747167,0.00019552173493940319
A845059,0.2698143991176831,0.2044059372004854,0.47842545867863245,0.009158333714314766,0.002172428643777414,0.032401643000180586,0.0024152525778088313,0.00030393398606352276,0.0006266477570010646,0.0002759653240529055
A845073,0.04786937333441438,0.20697336541649566,0.7150537515529578,0.0036899924881913676,0.00477730911783478,0.018165186222942494,0.002482153725718763,0.00030723258367445247,0.00030859689003843093,0.00037303866773202155
